50
0000010100000100000010001000000001100001011000000
0000010010000000100001000000000010010100001000000
0000001000000100000010000100000010000001001000000
0000000010000100000000010100001000000001001000000
0000100000010100000000010001000001000001001000000
0000001001000000000000010100000100000010010000000
0000000001000100000000010100010000001001000000000
0001000000100000010000000000100001001000001000000
0000010000100000100000010000001001000010000000000
0000000001001000000010000000100000010100001000000
0000000001000000100010000000001001000100000010000
0100001000000001001000001000000010000100000100000
0000001000000100010000001000000001001000000001000
0100000010000000010001000000000001001000000100000
0010000000100001000000000001001000000100000010000
0000001000000001001000000001000000010100001000000
0010000100000100000010000001001000000001001000000
0000000010100000100000001001000001000000000010000
0100000000010001001000000000001001000000100000000
0000100001000000000010010000100001000000000010000
0001000000000010010000000000010100001000000100000
0010000000000000010010000000000101000000000010000
0100000001001000000010000000010000010000000100000
0000000001000000010010000000010000000101000001000
0001000000010000000010000000010001001000000001000
0010000000010100000000000010010000000000010100000
0100000000000101000000000010010000000000010100000
0000000001000000010010000000010000010100000001000
0100000000000010010000000000010100001000000010000
0000100001000000001001000000000010010000000010000
0001000000000101000000010000000010000010010000000
0000000010000000010010000000010000001001000001000
0000100000000010010001000000000010000000010100000
0001000000001000000010100000010000000000010010000
0000000010010000000101000000001000000100000001000
0000000010010000000101000000001000000010000001000
0000100000010000000000010010001000000001001000000
0000000010010000000000010101000000001000000100000
0000010000000000010100001000000100000001001000000
0000000010001000000001000000010010000000101000000
0100000000000010010000000000010100001000000010000
0000100001000000001001000000000010010000000010000
0001000000000101000000010000000010000010010000000
0000000010000000010010000000010000001001000001000
0000100000000010010001000000000010000000010100000
0000000001001000000010000000100000010100001000000
0000000001000000100010000000001001000100000010000
0100001000000001001000001000000010000100000100000
0000001000000100010000001000000001001000000001000
0100000010000000010001000000000001001000000100000